54969288b160449077d593945e3faaa624796efe4e5d506c5ab9b072ea88e5fe 2 0 0
f1e277c0add2bfb58a4dd1de54e848e299738f47250d62f4ff98c92b512e801d 1 0 0
a6a109d85da7aa67c05eeca8b47751a12ef6db465949e4826746b327a65b4c69 2 0 8
c70d963686daffc9bace9e3cd303414ad7bcf85c85ebb5613c5b28941ec70d45 5 1 2763
1e26d163d38ba5e87c9557ee69deff879502c759adb0f2877231a085e255d004 7 1 16
43fc115274692cab7e0d0cad6e2d24ad7f591f37070e782eb838632bad3e3ff1 11 58777 71
5b2fd592b9cfc0f3eda5dcefe0a985acc58eb9d53430c917f4e3d1225bba38a2 1 5720 0
f44114ab7d9b3e63f14668efa085e38b74e481f8bcf898f5e9b367389a1eca05 101 31085 20462
cf403eb6667afc7add642842b54157257ce189609ebdb9346364f1569ee7026d 7 46116 0
2cdd672af79f05dc5a4b9dde49dee2019880dce255e4767de57f6686fc1fef44 112 20016 12570
2dca02c5a8c4bf68e260f861a21befb9118bd1216bacd34c718122dfca9e29af 78 463 75
52800ae2d00f106a66304f0d19232cc93ad814b47e3d72913559255fdb373f8d 70 9428 5214
bc284bbe7d33ec72602b3ed17f42f18ae030ee498e6c402973e4bafc64ec577b 1653 1320 635
98c36fd4185a97c89ed01df1d12f3da89704a3958d9ef8ce9f418f4afc0fa840 23 3573 6
72805199aa095266d1d463463a0f0a7b38ba3989e9a8c4e1f6220be85c6fbef9 115 0 0
9bc376a01850d0b3da361a752c7aaac9e184c6913291276cf3ee6eb2b0d96daa 46 2 2
6628293e5a5b89a50c7c93447b08ecde02a592afa86d11ce1c755955e6acc20f 32 0 0
